[   122    581   1317   2192   3247   4476   6037   7069   7249   6864
   6598   6922   7038   7329   7767   8257   8974   9602   9891  10290
  10905  11810  11970  12586  13249  13793  14521  14864  15670  16181
  17181  17654  18345  19011  19717  20516  21435  21954  22417  22517
  23388  24225  24845  25533  26605  26932  28161  28780  29387  29847
  30241  30986  32227  33188  34722  36732  39342  42511  46153  51150
  56965  63106  70647  77630  84165  90368  97121 104014 110407 115268
 119409 124443 128679 133684 136718 138489 137950 137566 136459 136444
 135909 135179 134923 133660 131372 129862 126352 124598 123720 122857
 123180 122097 122535 122135 122477 121715 120438 118961 116930 113300
 111010 107122 104166 101536  98286  96363  94965  93013  91045  91015
  89526  89057  87142  85552  84235  83823  82245  81877  81300  80235
  80611  79910  79970  78932  77760  76275  75106  74287  72780  71267
  70190  69214  67807  66223  64203  62974  61200  59358  57295  56375
  54769  54141  54024  52636  51714  50693  49205  47739  46322  45161
  43760  42321  40765  39374  37550  36031  34512  32621  31414  30064
  29180  28263  27312  26153  25187  24421  23543  22557  21774  20715
  19927  19404  18827  18037  17164  16751  16195  15377  14825  14421
  13734  13414  12731  12353  11599  11199  10479   9828   9642   8810
   8287   8493   7451   7225   6996   6522   6213   6042   5730   5555
   5467   5690   5944   6459   7693   7975   9265   9822  17825  32031
  41013  33209  46350  68090  75036 142375  83844  90796 115292  56882
  55402  46143  42566  37727  27241  33529  28934  29213  36828  23862
  26482  23851  24258  31030  27425  33024  31799  23643   3965   2993
   2744   2723   2686   2728   2799   2837   3022   2878   2739   2408
   1786   1236    730    338    151     15]